mu: 66.6045197740113
sigma: 15.546961187656994
